"Google API","Google Ads"
"Google Analytics","Google Analytics"
"Enable","Activeer"
"Account Number","Account-nummer"
"Anonymize IP","Anoniem IP"
