"Advanced Search","Paplašināta Meklēšana"
"Search Terms","Meklētie atslēgvārdi"
